{
    "GAUGE_LENGTH": 25.0,
    "GAUGE_DIAMETER": 4.0,
    "CONN_DIAMETER": 5.0,
    "SPECIMEN_LENGTH": 72.0,
    "ROUND_RADIUS": 3.0,
    "THREADED_LENGTH": 15,
    "ENG_DISPLACEMENT": 1.47485,
    "ENG_FORCE": 7.580561866,
    "ENG_STRAIN": 0.117988,
    "ENG_STRESS": 603.2419461939111,
    "MAX_DISPLACEMENT": 2.87,
    "RAW_DATA": "C:\\Users\\alison.oconnor\\PycharmProjects\\MATERIAL_ANALYSIS\\A_RAW_DATA\\P91_20_1.csv",
    "TRUE_STRAIN": 0.11153064122270957,
    "TRUE_STRESS": 674.4172569414383,
    "TRUE_TO_UTS": "C:\\Users\\alison.oconnor\\PycharmProjects\\MATERIAL_ANALYSIS\\OUTPUT\\P91_20_1\\TRUE_INTERP.csv",
    "E": 147341.5507380468,
    "SIGMA_Y": 384.9956309531467,
    "Q1": 1.4250099507809553,
    "Q2": 0.9727253418342504,
    "Q3": 2.416015545755067,
    "EN": 0.3559457025845516,
    "SN": 0.12215145277640986,
    "FN": 0.07172819824595242,
    "F": 0.0014811135718644083,
    "M": 0.05942479433520553,
    "SLOPE": 0.05942479433520553,
    "plastic_properties": "C:\\Users\\alison.oconnor\\PycharmProjects\\ABAQUS_STDVEXP\\RESULTS\\EXPLICIT\\P91_20_1\\ABA_JOB173.csv"
}