{
    "GAUGE_LENGTH": 25.0,
    "GAUGE_DIAMETER": 4.0,
    "CONN_DIAMETER": 5.0,
    "SPECIMEN_LENGTH": 72.0,
    "ROUND_RADIUS": 3.0,
    "THREADED_LENGTH": 15,
    "ENG_DISPLACEMENT": 1.47485,
    "ENG_FORCE": 7.580561866,
    "ENG_STRAIN": 0.117988,
    "ENG_STRESS": 603.2419461939111,
    "MAX_DISPLACEMENT": 2.87,
    "RAW_DATA": "C:\\Users\\alison.oconnor\\PycharmProjects\\MATERIAL_ANALYSIS\\A_RAW_DATA\\P91_20_1.csv",
    "TRUE_STRAIN": 0.11153064122270957,
    "TRUE_STRESS": 674.4172569414383,
    "TRUE_TO_UTS": "C:\\Users\\alison.oconnor\\PycharmProjects\\MATERIAL_ANALYSIS\\OUTPUT\\P91_20_1\\TRUE_INTERP.csv",
    "E": 147341.5507380468,
    "SIGMA_Y": 384.9956309531467,
    "Q1": 1.3630788784646313,
    "Q2": 1.0806744495247536,
    "Q3": 1.1690136920972962,
    "EN": 0.39696115355313166,
    "SN": 0.173663107422798,
    "FN": 0.08742752933450193,
    "F": 0.0013160593787901948,
    "M": 584.4922963518952,
    "SLOPE": 584.4922963518952,
    "plastic_properties": "C:\\Users\\alison.oconnor\\PycharmProjects\\ABAQUS_STDVEXP\\RESULTS\\EXPLICIT\\P91_20_1\\ABA_JOB172.csv"
}